0 0.8953125 0.46484375 0.20859375 0.09296875
0 0.87578125 0.55 0.24765625 0.1265625
0 0.8078125 0.85859375 0.384375 0.2796875
0 0.8453125 0.675 0.309375 0.175
0 0.32578125 0.5109375 0.2046875 0.15078125
0 0.52265625 0.40390625 0.128125 0.0953125
0 0.6328125 0.33828125 0.09296875 0.059375
0 0.12421875 0.471875 0.08046875 0.06796875
0 0.22109375 0.434375 0.1046875 0.05703125
0 0.3234375 0.39921875 0.09296875 0.04765625
0 0.40390625 0.36953125 0.08671875 0.0328125
0 0.453125 0.34453125 0.0796875 0.02734375